R=0.7;
Lt=0.00521;
ke=0.13658;
kt=0.13658;
J=0.0022;
F=0.1;
Vd=380;
Vf=0.1;
P=4;
